1023
1 19
2 14
3 20
4 23
5 19
6 7
7 3
8 8
9 7
10 20
11 6
12 30
13 1
14 6
15 27
16 5
17 20
18 4
19 23
20 5
21 8
22 13
23 25
24 18
25 14
26 14
27 12
28 22
29 21
30 3
31 9
32 0
33 13
34 29
35 4
36 2
37 5
38 11
39 15
40 14
41 17
42 19
43 10
44 5
45 3
46 2
47 0
48 6
49 19
50 25
51 4
52 7
53 1
54 7
55 3
56 15
57 3
58 15
59 12
60 9
61 29
62 27
63 14
64 12
65 1
66 24
67 12
68 5
69 21
70 5
71 24
72 16
73 13
74 27
75 18
76 4
77 2
78 0
79 19
80 15
81 11
82 26
83 20
84 23
85 26
86 2
87 12
88 11
89 20
90 15
91 13
92 1
93 22
94 6
95 18
96 24
97 12
98 10
99 18
100 3
101 3
102 27
103 14
104 18
105 1
106 19
107 7
108 29
109 13
110 13
111 5
112 4
113 13
114 14
115 6
116 17
117 20
118 14
119 3
120 19
121 4
122 1
123 2
124 19
125 25
126 7
127 14
128 1
129 5
130 3
131 7
132 13
133 4
134 4
135 2
136 7
137 0
138 18
139 8
140 11
141 15
142 17
143 1
144 14
145 11
146 9
147 12
148 13
149 5
150 18
151 17
152 18
153 6
154 1
155 11
156 14
157 1
158 22
159 0
160 26
161 6
162 18
163 4
164 0
165 25
166 5
167 14
168 22
169 1
170 8
171 1
172 26
173 16
174 2
175 22
176 19
177 2
178 1
179 16
180 19
181 5
182 25
183 8
184 21
185 24
186 12
187 6
188 12
189 19
190 21
191 5
192 8
193 4
194 4
195 18
196 3
197 6
198 9
199 6
200 22
201 3
202 30
203 18
204 24
205 5
206 8
207 6
208 3
209 2
210 22
211 1
212 2
213 17
214 1
215 15
216 25
217 25
218 4
219 21
220 20
221 1
222 19
223 0
224 27
225 23
226 1
227 1
228 28
229 16
230 9
231 23
232 16
233 12
234 14
235 0
236 21
237 25
238 11
239 10
240 5
241 20
242 11
243 19
244 1
245 16
246 2
247 13
248 4
249 16
250 22
251 13
252 10
253 11
254 5
255 3
256 6
257 5
258 23
259 7
260 34
261 4
262 3
263 13
264 23
265 12
266 24
267 6
268 11
269 7
270 9
271 3
272 25
273 30
274 15
275 17
276 14
277 7
278 14
279 28
280 5
281 15
282 6
283 13
284 2
285 23
286 12
287 17
288 8
289 22
290 7
291 8
292 16
293 20
294 23
295 25
296 15
297 2
298 22
299 25
300 23
301 20
302 7
303 21
304 3
305 21
306 4
307 0
308 1
309 0
310 10
311 7
312 8
313 27
314 15
315 14
316 6
317 13
318 14
319 8
320 18
321 4
322 17
323 8
324 11
325 3
326 5
327 11
328 13
329 26
330 2
331 0
332 4
333 19
334 1
335 21
336 7
337 4
338 13
339 20
340 8
341 15
342 7
343 16
344 19
345 19
346 16
347 20
348 0
349 4
350 3
351 27
352 7
353 23
354 0
355 8
356 12
357 6
358 1
359 19
360 7
361 10
362 7
363 8
364 8
365 10
366 16
367 1
368 6
369 5
370 9
371 22
372 1
373 6
374 20
375 11
376 0
377 17
378 12
379 3
380 2
381 2
382 10
383 4
384 5
385 11
386 23
387 11
388 13
389 17
390 21
391 9
392 7
393 11
394 13
395 4
396 21
397 7
398 12
399 21
400 7
401 11
402 2
403 21
404 13
405 9
406 8
407 5
408 26
409 21
410 12
411 3
412 29
413 6
414 21
415 15
416 14
417 17
418 13
419 2
420 16
421 27
422 14
423 8
424 11
425 22
426 4
427 8
428 9
429 7
430 6
431 16
432 5
433 4
434 12
435 27
436 4
437 8
438 21
439 2
440 10
441 13
442 1
443 23
444 5
445 15
446 15
447 7
448 5
449 11
450 23
451 4
452 15
453 8
454 7
455 21
456 2
457 10
458 11
459 30
460 13
461 4
462 14
463 6
464 9
465 8
466 2
467 2
468 5
469 3
470 13
471 7
472 25
473 10
474 23
475 20
476 27
477 21
478 33
479 23
480 17
481 18
482 17
483 24
484 3
485 26
486 7
487 15
488 8
489 15
490 10
491 3
492 22
493 16
494 33
495 21
496 10
497 2
498 1
499 12
500 16
501 0
502 29
503 5
504 3
505 2
506 15
507 9
508 6
509 0
510 13
511 18
512 8
513 23
514 18
515 10
516 13
517 11
518 16
519 14
520 12
521 0
522 15
523 8
524 25
525 0
526 2
527 12
528 8
529 17
530 10
531 18
532 2
533 14
534 10
535 12
536 5
537 6
538 9
539 11
540 2
541 24
542 6
543 5
544 5
545 19
546 8
547 0
548 21
549 13
550 25
551 28
552 5
553 10
554 1
555 11
556 6
557 5
558 10
559 10
560 6
561 0
562 10
563 23
564 12
565 2
566 0
567 3
568 10
569 9
570 22
571 2
572 17
573 16
574 6
575 22
576 16
577 0
578 13
579 26
580 3
581 0
582 0
583 17
584 4
585 2
586 14
587 2
588 17
589 19
590 24
591 16
592 10
593 6
594 3
595 11
596 8
597 3
598 22
599 6
600 16
601 12
602 11
603 25
604 0
605 16
606 2
607 1
608 10
609 28
610 7
611 14
612 10
613 7
614 9
615 9
616 9
617 25
618 15
619 9
620 34
621 9
622 20
623 11
624 2
625 12
626 5
627 4
628 14
629 8
630 4
631 7
632 4
633 28
634 4
635 1
636 17
637 5
638 25
639 3
640 14
641 16
642 13
643 23
644 13
645 10
646 5
647 0
648 18
649 2
650 11
651 5
652 1
653 21
654 3
655 6
656 22
657 8
658 18
659 3
660 6
661 9
662 20
663 10
664 8
665 3
666 20
667 21
668 18
669 24
670 22
671 6
672 7
673 10
674 7
675 11
676 29
677 16
678 12
679 13
680 16
681 9
682 24
683 4
684 7
685 3
686 12
687 28
688 5
689 19
690 21
691 23
692 19
693 9
694 4
695 14
696 3
697 0
698 24
699 18
700 8
701 19
702 16
703 9
704 18
705 6
706 0
707 7
708 10
709 9
710 25
711 25
712 9
713 24
714 17
715 20
716 26
717 1
718 12
719 22
720 13
721 12
722 5
723 13
724 8
725 0
726 0
727 0
728 2
729 24
730 20
731 10
732 9
733 20
734 24
735 26
736 17
737 27
738 12
739 3
740 30
741 19
742 1
743 9
744 9
745 22
746 25
747 8
748 18
749 11
750 3
751 20
752 12
753 26
754 20
755 15
756 25
757 11
758 5
759 11
760 17
761 17
762 9
763 22
764 3
765 9
766 0
767 10
768 24
769 19
770 8
771 4
772 26
773 9
774 8
775 3
776 8
777 31
778 5
779 28
780 1
781 14
782 12
783 1
784 0
785 0
786 10
787 20
788 23
789 17
790 27
791 14
792 17
793 25
794 15
795 7
796 21
797 4
798 26
799 1
800 16
801 1
802 34
803 13
804 10
805 25
806 9
807 9
808 20
809 7
810 12
811 1
812 11
813 9
814 14
815 12
816 27
817 7
818 10
819 5
820 10
821 23
822 19
823 13
824 18
825 22
826 15
827 17
828 10
829 14
830 26
831 6
832 2
833 4
834 0
835 14
836 7
837 0
838 13
839 7
840 9
841 6
842 8
843 10
844 2
845 19
846 20
847 16
848 14
849 22
850 18
851 13
852 15
853 10
854 5
855 11
856 16
857 6
858 25
859 22
860 27
861 8
862 12
863 1
864 17
865 26
866 27
867 22
868 24
869 6
870 3
871 2
872 1
873 28
874 26
875 15
876 16
877 17
878 17
879 19
880 7
881 3
882 21
883 25
884 28
885 24
886 21
887 22
888 0
889 3
890 12
891 17
892 20
893 17
894 15
895 15
896 18
897 14
898 2
899 15
900 2
901 26
902 8
903 9
904 9
905 1
906 8
907 17
908 20
909 0
910 27
911 22
912 24
913 5
914 24
915 32
916 11
917 3
918 23
919 6
920 5
921 21
922 13
923 25
924 16
925 27
926 12
927 2
928 3
929 15
930 19
931 0
932 1
933 13
934 4
935 14
936 16
937 7
938 24
939 1
940 18
941 6
942 19
943 4
944 9
945 12
946 11
947 28
948 23
949 13
950 23
951 24
952 11
953 14
954 17
955 19
956 15
957 9
958 15
959 6
960 16
961 0
962 21
963 1
964 9
965 25
966 6
967 26
968 14
969 10
970 20
971 1
972 4
973 19
974 0
975 5
976 31
977 12
978 1
979 14
980 14
981 33
982 2
983 2
984 23
985 16
986 4
987 10
988 9
989 2
990 28
991 17
992 15
993 19
994 17
995 11
996 12
997 6
998 15
999 4
1000 9
1001 0
1002 22
1003 17
1004 15
1005 16
1006 31
1007 27
1008 23
1009 6
1010 32
1011 14
1012 28
1013 1
1014 29
1015 26
1016 21
1017 19
1018 24
1019 11
1020 8
1021 34
1022 30
1023 20
